0 0 0 0 0 0 0 0 0 0 0 0 0 0
0 0 0 0 0 0 0 0 0 0 0 0 0 0
0 0 0 0 0 0 0 0 0 0 0 0 0 0
0 0 0 0 0 0 0 0 0 0 0 0 0 0
0 0 0 0 0 0 0 0 0 0 0 0 0 0
0 0 0 0 0 0 0 0 0 0 0 0 0 0
0 0 0 0 0 0 0 0 0 0 0 0 0 0
0 0 0 0 0 0 0 0 0 0 0 0 0 0
0 0 0 0 0 0 0 0 0 0 0 0 0 0
0 0 0 0 0 0 0 0 0 0 0 0 0 0
0 0 0 0 0 0 0 0 0 0 0 0 0 0
0 0 0 0 0 0 0 0 0 0 0 0 0 0
0 0 0 0 0 0 0 0 0 0 0 0 0 0
0 0 0 0 0 0 0 0 0 0 0 0 0 0
0 0 0 0 0 0 0 0 0 0 0 0 0 0
0 0 0 0 0 0 0 0 0 0 0 0 0 0
0 0 0 0 0 0 0 0 0 0 0 0 0 0
0 0 0 0 0 0 0 0 0 0 0 0 0 0
0 0 0 0 0 0 0 0 0 0 0 0 0 0
0 0 0 0 0 0 0 0 0 0 0 0 0 0
0 0 0 0 0 0 0 0 0 0 0 0 0 0
0 0 0 0 0 0 0 0 0 0 0 0 0 0
0 0 0 0 0 0 0 0 0 0 0 0 0 0
0 0 0 0 0 0 0 0 0 0 0 0 0 0
0 0 0 0 0 0 0 0 0 0 0 0 0 0
0 0 0 0 0 0 0 0 0 0 0 0 0 0
0 0 0 0 0 0 0 0 0 0 0 0 0 0
0 0 0 0 0 0 0 0 0 0 0 0 0 0
0 0 0 0 0 0 0 0 0 0 0 0 0 0
0 0 0 0 0 0 0 0 0 0 0 0 0 0
0 0 0 0 0 0 0 0 0 0 0 0 0 0
0 0 0 0 0 0 0 0 0 0 0 0 0 0
0 0 0 0 0 0 0 0 0 0 0 0 0 0
0 0 0 0 0 0 0 0 0 0 0 0 0 0
0 0 0 0 0 0 0 0 0 0 0 0 0 0
0 0 0 0 0 0 0 0 0 0 0 0 0 0
0 0 0 0 0 0 0 0 0 0 0 0 0 0
0 0 0 0 0 0 0 0 0 0 0 0 0 0
0 0 0 0 0 0 0 0 0 0 0 0 0 0
0 0 0 0 0 0 0 0 0 0 0 0 0 0
0 0 0 0 0 0 0 0 0 0 0 0 0 0
0 0 0 0 0 0 0 0 0 0 0 0 0 0
0 0 0 0 0 0 0 0 0 0 0 0 0 0
0 0 0 0 0 0 0 0 0 0 0 0 0 0
0 0 0 0 0 0 0 0 0 0 0 0 0 0
0 0 0 0 0 0 0 0 0 0 0 0 0 0
0 0 0 0 0 0 0 0 0 0 0 0 0 0
0 0 0 0 0 0 0 0 0 0 0 0 0 0
0 0 0 0 0 0 0 0 0 0 0 0 0 0
0 0 0 0 0 0 0 0 0 0 0 0 0 0
0 0 0 0 0 0 0 0 0 0 0 0 0 0
0 0 0 0 0 0 0 0 0 0 0 0 0 0
0 0 0 0 0 0 0 0 0 0 0 0 0 0
0 0 0 0 0 0 0 0 0 0 0 0 0 0
0 0 0 0 0 0 0 0 0 0 0 0 0 0
0 0 0 0 0 0 0 0 0 0 0 0 0 0
0 0 0 0 0 0 0 0 0 0 0 0 0 0
0 0 0 0 0 0 0 0 0 0 0 0 0 0
0 0 0 0 0 0 0 0 0 0 0 0 0 0
0 0 0 0 0 0 0 0 0 0 0 0 0 0
0 0 0 0 0 0 0 0 0 0 0 0 0 0
0 0 0 0 0 0 0 0 0 0 0 0 0 0
0 0 0 0 0 0 0 0 0 0 0 0 0 0
0 0 0 0 0 0 0 0 0 0 0 0 0 0
0 0 0 0 0 0 0 0 0 0 0 0 0 0
0 0 0 0 0 0 0 0 0 0 0 0 0 0
0 0 0 0 0 0 0 0 0 0 0 0 0 0
0 0 0 0 0 0 0 0 0 0 0 0 0 0
0 0 0 0 0 0 0 0 0 0 0 0 0 0
0 0 0 0 0 0 0 0 0 0 0 0 0 0
0 0 0 0 0 0 0 0 0 0 0 0 0 0
0 0 0 0 0 0 0 0 0 0 0 0 0 0
0 0 0 0 0 0 0 0 0 0 0 0 0 0
0 0 0 0 0 0 0 0 0 0 0 0 0 0
0 0 0 0 0 0 0 0 0 0 0 0 0 0
0 0 0 0 0 0 0 0 0 0 0 0 0 0
0 0 0 0 0 0 0 0 0 0 0 0 0 0
0 0 0 0 0 0 0 0 0 0 0 0 0 0
0 0 0 0 0 0 0 0 0 0 0 0 0 0
0 0 0 0 0 0 0 0 0 0 0 0 0 0
0 0 0 0 0 0 0 0 0 0 0 0 0 0
0 0 0 0 0 0 0 0 0 0 0 0 0 0
0 0 0 0 0 0 0 0 0 0 0 0 0 0
0 0 0 0 0 0 0 0 0 0 0 0 0 0
0 0 0 0 0 0 0 0 0 0 0 0 0 0
0 0 0 0 0 0 0 0 0 0 0 0 0 0
0 0 0 0 0 0 0 0 0 0 0 0 0 0
0 0 0 0 0 0 0 0 0 0 0 0 0 0
0 0 0 0 0 0 0 0 0 0 0 0 0 0
0 0 0 0 0 0 0 0 0 0 0 0 0 0
0 0 0 0 0 0 0 0 0 0 0 0 0 0
0 0 0 0 0 0 0 0 0 0 0 0 0 0
0 0 0 0 0 0 0 0 0 0 0 0 0 0
0 0 0 0 0 0 0 0 0 0 0 0 0 0
0 0 0 0 0 0 0 0 0 0 0 0 0 0
0 0 0 0 0 0 0 0 0 0 0 0 0 0
0 0 0 0 0 0 0 0 0 0 0 0 0 0
0 0 0 0 0 0 0 0 0 0 0 0 0 0
0 0 0 0 0 0 0 0 0 0 0 0 0 0
0 0 0 0 0 0 0 0 0 0 0 0 0 0
0 0 0 0 0 0 0 0 0 0 0 0 0 0
0 0 0 0 0 0 0 0 0 0 0 0 0 0
0 0 0 0 0 0 0 0 0 0 0 0 0 0
0 0 0 0 0 0 0 0 0 0 0 0 0 0
0 0 0 0 0 0 0 0 0 0 0 0 0 0
0 0 0 0 0 0 0 0 0 0 0 0 0 0
0 0 0 0 0 0 0 0 0 0 0 0 0 0
0 0 0 0 0 0 0 0 0 0 0 0 0 0
0 0 0 0 0 0 0 0 0 0 0 0 0 0
0 0 0 0 0 0 0 0 0 0 0 0 0 0
0.9936358303958006 0.6116450905816556 0.6444971337852528 1.2042184951399078 1.18209729557531 1.3423609023258742 0.9305386912092547 0.7824991541322679 0.8599562343708446 0.44659555231272574 0.16472860247298782 -0.5462125413932895 0.16466882258341117 1.2564662858089943
2.273780096930268 1.317389405456093 1.203771509512125 2.5392118877565477 2.039577093712841 2.066563199495903 1.6938712016855966 1.4802691067597677 2.1272601056541944 1.488651808242419 1.2130015007556378 0.17069141822290293 1.3173504994672895 2.3456630772223632
2.9138522951975014 2.0231338103305316 1.949470617147954 2.5392118877565477 2.039577093712841 2.066563199495903 2.457203702161938 2.178039009387268 2.7609121062958693 2.1138856118002356 1.6323107000686976 0.6486273879670312 1.0868142000905137 2.3456630772223632
2.273780096930268 2.2583819119553437 2.1358954190569115 2.3484984888113134 1.8252071941784582 2.066563199495903 2.457203702161938 2.178039009387268 2.9721294065097608 2.3222969129861744 2.0516197993817578 1.3655313975832237 0.6257415113369625 2.0733638793690212
1.6337079986630343 2.0231338103305316 2.1358954190569115 1.9670718909208447 0.9677272760409277 0.9802596637408602 1.1849829013680353 2.352481510044143 2.1272601056541944 1.488651808242419 1.4226561004121676 1.1265633977111595 0.16466882258341117 1.2564662858089943
0.14020629270615587 1.7878857087057187 1.3901963114210825 1.0135051961946733 -0.1041225616309858 0.2560572965708315 -0.08723800142586761 1.8291540080735176 1.0711735045847361 0.6550068134986645 0.5840377717860478 0.4096594080949671 -0.06586751279336449 0.16726949439562472
-0.7132232449834889 0.376396978956843 0.45807234187629536 -0.3214881964219664 -0.7472324602341338 -0.6491956798917042 -1.1050147000609898 0.9569416347891428 -0.19613036669861372 0.029773036940848395 -0.2545805568400722 -0.3072445515212253 -0.29640385617014015 -1.1942264948710872
-1.1399379938283112 -0.79984358916722 -0.6604763895774489 -1.0843415922029032 -1.3903423988372818 -1.1923474877692255 -1.3594589002197706 -0.43859824046585705 -0.618564997126397 -1.0122832059888447 -0.8835443058096621 -0.7851805312653537 -0.29640385617014015 -1.4665256927244295
-0.9265806244059002 -1.5055879140416577 -1.2197507153043208 -1.4657681900933721 -1.6047122983716648 -1.3733980870617328 -1.6139030003785513 -1.1363682030933573 -1.2522169977680717 -1.4291058083607227 -1.3028534951227222 -0.7851805312653537 -0.06586751279336449 -0.921927267017745
-0.49986585556107777 -1.9760841172912826 -1.4061755172132784 -1.4657681900933721 -1.1759723993028994 -1.3733980870617328 -0.8505705199022094 -1.485253104407107 -1.2522169977680717 -1.4291058083607227 -1.0931988954661922 -0.5462125413932895 0.16466882258341117 -0.6496280791644026
-0.9265806244059002 -1.270339812416845 -1.2197507153043208 -1.0843415922029032 -0.9616024297685165 -1.0112968884767186 -0.5961263497434288 -1.8341386057208589 -1.0409995975541801 -1.0122832059888447 -0.6738897261531321 -0.3072445515212253 -0.29640385617014015 -0.6496280791644026
-1.5666527926731335 -0.79984358916722 -0.8469011814864064 -1.2750548911481376 -1.1759723993028994 -1.0112968884767186 -1.1050147000609898 -1.6596956050639822 -1.2522169977680717 -1.2206945071747837 -1.0931988954661922 -0.3072445515212253 -0.988012874300467 -1.4665256927244295
-1.7800101920955447 -1.270339812416845 -0.8469011814864064 -1.2750548911481376 -1.6047122983716648 -1.55444868635424 -1.6139030003785513 -1.485253104407107 -1.2522169977680717 -1.637517009546661 -1.5125080947792522 -0.7851805312653537 -1.4490855930540183 -1.7388247905777725
-1.993367591517956 -1.5055879140416577 -1.4061755172132784 -1.2750548911481376 -1.8190822979060475 -1.9165503849392522 -1.8683472005373318 -1.3108107037502323 -1.4634342979819637 -1.637517009546661 -1.5125080947792522 -1.2631165010094818 -1.679621892430794 -1.7388247905777725
-2.2067255909403656 -1.9760841172912826 -1.7790251210311934 -1.2750548911481376 -1.8190822979060475 -1.9165503849392522 -1.3594589002197706 -1.3108107037502323 -1.2522169977680717 -1.2206945071747837 -1.3028534951227222 -1.502084500881546 -1.4490855930540183 -2.011123988431115
-1.7800101920955447 -1.5055879140416577 -1.5926003191222358 -1.2750548911481376 -1.3903423988372818 -1.55444868635424 -1.1050147000609898 -1.485253104407107 -1.0409995975541801 -0.5954607336169676 -0.6738897261531321 -1.0241485011374176 -0.5269401955469157 -1.7388247905777725
-1.3532953932507223 -1.0350917107920325 -1.2197507153043208 -1.0843415922029032 -0.9616024297685165 -1.1923474877692255 -0.8505705199022094 -1.485253104407107 -0.8297823173402886 -0.17863822124509027 -0.044925979183542186 -0.5462125413932895 0.16466882258341117 -1.1942264948710872
-0.7132232449834889 -0.79984358916722 -0.8469011814864064 -0.8936282032576692 -0.9616024297685165 -0.8302462691842115 -0.8505705199022094 -1.1363682030933573 -0.8297823173402886 0.23818429112678707 0.16472860247298782 0.17069141822290293 0.16466882258341117 -0.6496280791644026
-0.49986585556107777 -0.3293473659175948 -0.47405159766849164 -0.5122015353672006 -0.7472324602341338 -0.6491956798917042 -0.8505705199022094 -0.43859824046585705 -1.2522169977680717 0.23818429112678707 0.16472860247298782 0.4096594080949671 -0.06586751279336449 -0.6496280791644026
-0.28650847613866653 -0.3293473659175948 -0.47405159766849164 -0.3214881964219664 -0.31849252116536847 -0.28709449130668996 -0.5961263497434288 0.08472921450476789 -0.618564997126397 0.029773036940848395 0.16472860247298782 0.4096594080949671 0.16466882258341117 -0.3773288813110601
0.35356367212856704 0.14114886733203041 -0.2876268157595343 -0.13077485747673212 0.11024740790339689 -0.10604389201418284 -0.08723800142586761 0.08472921450476789 -0.19613036669861372 -0.17863822124509027 -0.044925979183542186 0.17069141822290293 0.16466882258341117 -0.1050296934577177
0.35356367212856704 0.376396978956843 0.08522276505838056 0.44136514935897064 0.3246173774377796 0.2560572965708315 0.16720617073291294 0.2591717021616429 0.22630427372916959 0.23818429112678707 -0.044925979183542186 0.17069141822290293 0.8562778507137382 0.4395686922489671
0.7802784409733895 0.6116450905816556 0.2716475499673379 0.44136514935897064 0.5389873469721622 0.43710788586333865 0.42165034089169356 0.2591717021616429 0.22630427372916959 0.23818429112678707 0.16472860247298782 0.17069141822290293 0.8562778507137382 0.7118678801023095
0.7802784409733895 0.8468932122064682 0.45807234187629536 0.25065182041373635 0.3246173774377796 0.43710788586333865 0.6760945210504742 0.4336141828185179 0.22630427372916959 0.029773036940848395 0.16472860247298782 0.4096594080949671 0.39520516196018685 0.7118678801023095
0.7802784409733895 0.6116450905816556 0.45807234187629536 0.059938479468502136 0.3246173774377796 0.43710788586333865 0.6760945210504742 0.4336141828185179 0.015086954515277947 0.029773036940848395 0.16472860247298782 0.4096594080949671 0.16466882258341117 0.7118678801023095
0.5669210615509782 0.6116450905816556 0.45807234187629536 0.44136514935897064 0.3246173774377796 0.43710788586333865 0.6760945210504742 0.4336141828185179 0.22630427372916959 0.23818429112678707 0.5840377717860478 0.4096594080949671 0.16466882258341117 0.4395686922489671
0.5669210615509782 0.376396978956843 0.45807234187629536 0.44136514935897064 0.5389873469721622 0.43710788586333865 0.6760945210504742 0.2591717021616429 0.015086954515277947 0.23818429112678707 1.0033469010991076 0.4096594080949671 0.16466882258341117 0.4395686922489671
0.35356367212856704 0.376396978956843 0.45807234187629536 0.25065182041373635 0.3246173774377796 0.2560572965708315 0.6760945210504742 0.2591717021616429 0.015086954515277947 0.6550068134986645 1.0033469010991076 0.6486273879670312 0.39520516196018685 0.16726949439562472
0.5669210615509782 0.14114886733203041 0.2716475499673379 0.25065182041373635 0.11024740790339689 0.2560572965708315 0.42165034089169356 0.2591717021616429 0.015086954515277947 0.8634180646846031 1.0033469010991076 0.8875953778390954 0.8562778507137382 -0.1050296934577177
0.5669210615509782 0.14114886733203041 0.08522276505838056 0.25065182041373635 0.11024740790339689 0.2560572965708315 0.16720617073291294 0.08472921450476789 -0.19613036669861372 1.071829305870542 0.7936923514425778 0.8875953778390954 0.8562778507137382 -0.3773288813110601
0.5669210615509782 0.14114886733203041 0.08522276505838056 0.44136514935897064 0.3246173774377796 0.2560572965708315 0.42165034089169356 0.2591717021616429 0.015086954515277947 0.8634180646846031 0.5840377717860478 0.8875953778390954 0.8562778507137382 -0.3773288813110601
0.35356367212856704 0.14114886733203041 0.08522276505838056 0.44136514935897064 0.3246173774377796 -0.10604389201418284 0.16720617073291294 0.2591717021616429 0.22630427372916959 0.44659555231272574 0.37438318212951777 1.1265633977111595 0.6257415113369625 -0.3773288813110601
0.35356367212856704 0.14114886733203041 0.08522276505838056 0.44136514935897064 0.3246173774377796 0.07500669727832433 0.16720617073291294 0.2591717021616429 0.015086954515277947 0.23818429112678707 0.37438318212951777 0.6486273879670312 0.6257415113369625 -0.1050296934577177
0.14020629270615587 0.376396978956843 0.2716475499673379 0.25065182041373635 -0.1041225616309858 0.2560572965708315 0.16720617073291294 0.2591717021616429 0.015086954515277947 0.23818429112678707 0.37438318212951777 0.6486273879670312 0.8562778507137382 -0.3773288813110601
0.14020629270615587 0.14114886733203041 0.08522276505838056 0.25065182041373635 -0.1041225616309858 0.07500669727832433 -0.08723800142586761 0.2591717021616429 0.22630427372916959 0.23818429112678707 0.5840377717860478 0.4096594080949671 0.8562778507137382 -0.1050296934577177
0.35356367212856704 0.14114886733203041 0.08522276505838056 -0.13077485747673212 -0.1041225616309858 -0.10604389201418284 0.16720617073291294 0.2591717021616429 -0.19613036669861372 0.23818429112678707 0.5840377717860478 0.6486273879670312 0.6257415113369625 -0.1050296934577177
0.14020629270615587 0.14114886733203041 0.08522276505838056 0.44136514935897064 0.3246173774377796 0.07500669727832433 0.16720617073291294 -0.0897132691521071 0.015086954515277947 0.23818429112678707 0.5840377717860478 0.6486273879670312 0.6257415113369625 -0.3773288813110601
0.35356367212856704 0.6116450905816556 0.6444971337852528 1.0135051961946733 0.9677272760409277 0.2560572965708315 0.16720617073291294 -0.43859824046585705 0.6487389141569528 0.44659555231272574 0.5840377717860478 0.4096594080949671 0.39520516196018685 -0.1050296934577177
0.5669210615509782 1.0821413038312806 1.0173467076031677 1.0135051961946733 1.18209729557531 0.6181584751558459 -0.34168216958464825 0.08472921450476789 0.6487389141569528 0.8634180646846031 0.7936923514425778 0.6486273879670312 0.6257415113369625 -0.3773288813110601
0.7802784409733895 1.317389405456093 1.3901963114210825 1.0135051961946733 0.7533573165065449 0.9802596637408602 0.16720617073291294 -0.0897132691521071 0.6487389141569528 0.44659555231272574 0.16472860247298782 0.6486273879670312 0.6257415113369625 0.16726949439562472
0.7802784409733895 0.376396978956843 1.203771509512125 1.2042184951399078 1.18209729557531 1.523411401618382 1.1849829013680353 0.2591717021616429 1.282390904798628 1.071829305870542 1.2130015007556378 0.6486273879670312 1.5478868988440648 0.7118678801023095
1.2069931998182122 0.376396978956843 1.203771509512125 1.394931794085142 1.8252071941784582 2.066563199495903 1.9483154018443771 0.6080566634753929 1.7048255052264114 1.9054743106142964 1.8419652997252276 1.6044992974552879 1.7784231982208407 1.5287654836623366
1.4203505992406231 1.5526375070809055 1.7630458152389967 1.585645193030376 2.039577093712841 1.885512600203396 2.457203702161938 1.3058266061028927 1.7048255052264114 1.697063109428358 2.2612743990382875 1.8434672973273518 1.7784231982208407 2.0733638793690212
1.4203505992406231 2.0231338103305316 2.1358954190569115 1.2042184951399078 1.396467195109693 1.1613103030333671 1.4394270015268158 1.8291540080735176 1.0711735045847361 1.9054743106142964 1.8419652997252276 2.0824352971994164 2.2394958969743923 1.801064681515679
0.35356367212856704 1.5526375070809055 1.7630458152389967 0.25065182041373635 -0.1041225616309858 -0.10604389201418284 0.16720617073291294 1.8291540080735176 0.015086954515277947 1.071829305870542 0.7936923514425778 2.3214032970714804 1.3173504994672895 0.7118678801023095
-0.28650847613866653 0.14114886733203041 0.6444971337852528 -0.3214881964219664 -0.31849252116536847 -0.6491956798917042 -0.5961263497434288 1.1313841054460176 -0.618564997126397 0.029773036940848395 -0.044925979183542186 1.3655313975832237 0.16466882258341117 -0.1050296934577177
-0.7132232449834889 -0.5645954775424074 -0.10120202385057685 -0.7029148743124349 -1.1759723993028994 -1.0112968884767186 -1.1050147000609898 0.4336141828185179 -1.0409995975541801 -1.0122832059888447 -0.8835443058096621 0.17069141822290293 -0.7574765349236914 -0.6496280791644026
-0.9265806244059002 -1.270339812416845 -0.6604763895774489 -1.0843415922029032 -1.1759723993028994 -1.1923474877692255 -0.8505705199022094 -0.2641557498089821 -1.2522169977680717 -1.637517009546661 -1.7221625944357823 -1.0241485011374176 -1.4490855930540183 -0.6496280791644026
-0.9265806244059002 -1.5055879140416577 -1.2197507153043208 -1.2750548911481376 -0.9616024297685165 -1.3733980870617328 -0.5961263497434288 -0.7874832017796071 -1.0409995975541801 -1.8459283107325999 -1.5125080947792522 -1.9800205006256741 -1.4490855930540183 -0.3773288813110601
-0.7132232449834889 -0.79984358916722 -1.2197507153043208 -0.7029148743124349 -0.5328624906997511 -1.0112968884767186 -0.08723800142586761 -1.1363682030933573 -0.40734768691250534 -1.2206945071747837 -1.5125080947792522 NaN -0.988012874300467 -0.3773288813110601
-0.7132232449834889 -0.0940992492927822 -0.6604763895774489 -0.5122015353672006 0.3246173774377796 -0.4681450805991971 -0.08723800142586761 -0.961925682436482 0.015086954515277947 -1.0122832059888447 -1.0931988954661922 NaN -0.7574765349236914 -0.1050296934577177
-1.1399379938283112 -0.0940992492927822 -0.6604763895774489 -1.0843415922029032 -0.5328624906997511 -0.8302462691842115 -1.1050147000609898 -1.1363682030933573 -0.618564997126397 -1.0122832059888447 -0.8835443058096621 NaN -1.4490855930540183 -0.6496280791644026
-1.5666527926731335 -0.79984358916722 -1.4061755172132784 -1.656481589038606 -1.6047122983716648 -1.3733980870617328 -1.8683472005373318 -1.485253104407107 -1.8858688984097467 -1.637517009546661 -1.5125080947792522 NaN -2.140694591184345 -1.1942264948710872
-1.3532953932507223 -1.5055879140416577 -1.965450422940156 -1.8471948879838407 NaN -1.735499285646747 -1.8683472005373318 -1.6596956050639822 -1.8858688984097467 -1.8459283107325999 -1.9318171940923121 NaN -2.6017678899378947 -1.7388247905777725
-1.1399379938283112 -1.7408360156664702 -1.7790251210311934 -1.4657681900933721 NaN -1.0112968884767186 -1.3594589002197706 -1.485253104407107 -1.2522169977680717 -1.637517009546661 -1.9318171940923121 NaN -2.371230890561121 -1.1942264948710872
-0.49986585556107777 -1.0350917107920325 -1.4061755172132784 -0.7029148743124349 NaN -0.4681450805991971 -0.34168216958464825 -1.1363682030933573 -0.40734768691250534 -1.0122832059888447 -1.7221625944357823 NaN -1.9101581918075698 -0.3773288813110601
0.14020629270615587 -0.0940992492927822 -0.47405159766849164 0.059938479468502136 NaN 0.2560572965708315 0.42165034089169356 -0.43859824046585705 0.015086954515277947 -0.5954607336169676 -0.8835443058096621 -1.0241485011374176 -1.4490855930540183 0.16726949439562472
0.14020629270615587 0.6116450905816556 0.08522276505838056 0.25065182041373635 NaN 0.6181584751558459 0.42165034089169356 0.2591717021616429 0.4375215939430612 -0.38704948243102905 -0.6738897261531321 -0.7851805312653537 -0.7574765349236914 0.7118678801023095
0.14020629270615587 0.6116450905816556 0.45807234187629536 NaN NaN 0.43710788586333865 -0.08723800142586761 0.4336141828185179 0.4375215939430612 -0.17863822124509027 -0.46423514649660214 -0.5462125413932895 -0.7574765349236914 0.4395686922489671
0.14020629270615587 0.376396978956843 0.2716475499673379 NaN NaN 0.43710788586333865 0.16720617073291294 0.2591717021616429 0.22630427372916959 -0.17863822124509027 -0.2545805568400722 -0.3072445515212253 -0.29640385617014015 0.4395686922489671
0.14020629270615587 0.376396978956843 -0.2876268157595343 NaN 0.7533573165065449 0.43710788586333865 0.42165034089169356 0.08472921450476789 0.22630427372916959 0.029773036940848395 -0.044925979183542186 -0.0682765696491612 -0.06586751279336449 0.4395686922489671
0.35356367212856704 0.14114886733203041 -0.10120202385057685 NaN 0.7533573165065449 0.6181584751558459 0.9305386912092547 0.08472921450476789 0.4375215939430612 0.23818429112678707 0.16472860247298782 0.17069141822290293 0.39520516196018685 0.4395686922489671
0.35356367212856704 0.14114886733203041 0.08522276505838056 NaN 0.5389873469721622 0.6181584751558459 0.6760945210504742 0.2591717021616429 0.4375215939430612 0.44659555231272574 0.37438318212951777 0.17069141822290293 0.6257415113369625 0.4395686922489671
0.14020629270615587 -0.0940992492927822 0.2716475499673379 NaN 0.3246173774377796 0.43710788586333865 0.6760945210504742 0.4336141828185179 0.015086954515277947 0.44659555231272574 0.37438318212951777 0.17069141822290293 0.6257415113369625 0.16726949439562472
-0.07315109071625533 -0.3293473659175948 0.08522276505838056 NaN -0.1041225616309858 0.43710788586333865 0.42165034089169356 0.08472921450476789 0.015086954515277947 0.23818429112678707 0.37438318212951777 0.17069141822290293 0.16466882258341117 -0.1050296934577177
-0.07315109071625533 -0.5645954775424074 -0.10120202385057685 -0.13077485747673212 -0.1041225616309858 0.2560572965708315 0.16720617073291294 0.08472921450476789 0.015086954515277947 0.23818429112678707 0.16472860247298782 0.4096594080949671 0.16466882258341117 -0.1050296934577177
-0.07315109071625533 -0.5645954775424074 -0.10120202385057685 -0.13077485747673212 0.11024740790339689 0.2560572965708315 0.16720617073291294 -0.0897132691521071 0.015086954515277947 0.23818429112678707 0.37438318212951777 0.17069141822290293 0.16466882258341117 0.16726949439562472
0.14020629270615587 -0.5645954775424074 -0.10120202385057685 0.059938479468502136 0.3246173774377796 0.43710788586333865 0.16720617073291294 0.08472921450476789 0.4375215939430612 0.23818429112678707 0.16472860247298782 -0.0682765696491612 -0.06586751279336449 0.7118678801023095
0.14020629270615587 -0.3293473659175948 -0.10120202385057685 0.059938479468502136 0.5389873469721622 0.7992090744483529 -0.34168216958464825 0.2591717021616429 0.6487389141569528 0.029773036940848395 0.16472860247298782 -0.0682765696491612 -0.06586751279336449 1.2564662858089943
-0.07315109071625533 -0.0940992492927822 -0.10120202385057685 0.059938479468502136 0.5389873469721622 0.7992090744483529 -0.08723800142586761 0.4336141828185179 0.6487389141569528 0.029773036940848395 -0.044925979183542186 -0.0682765696491612 -0.06586751279336449 1.5287654836623366