0 0 0 0 0 0 0 0 0 0 0 0 0 0 0 0
0 0 0 0 0 0 0 0 0 0 0 0 0 0 0 0
0 0 0 0 0 0 0 0 0 0 0 0 0 0 0 0
0 0 0 0 0 0 0 0 0 0 0 0 0 0 0 0
0 0 0 0 0 0 0 0 0 0 0 0 0 0 0 0
0 0 0 0 0 0 0 0 0 0 0 0 0 0 0 0
0 0 0 0 0 0 0 0 0 0 0 0 0 0 0 0
0 0 0 0 0 0 0 0 0 0 0 0 0 0 0 0
0 0 0 0 0 0 0 0 0 0 0 0 0 0 0 0
0 0 0 0 0 0 0 0 0 0 0 0 0 0 0 0
0 0 0 0 0 0 0 0 0 0 0 0 0 0 0 0
0 0 0 0 0 0 0 0 0 0 0 0 0 0 0 0
0 0 0 0 0 0 0 0 0 0 0 0 0 0 0 0
0 0 0 0 0 0 0 0 0 0 0 0 0 0 0 0
0 0 0 0 0 0 0 0 0 0 0 0 0 0 0 0
0 0 0 0 0 0 0 0 0 0 0 0 0 0 0 0
0 0 0 0 0 0 0 0 0 0 0 0 0 0 0 0
0 0 0 0 0 0 0 0 0 0 0 0 0 0 0 0
0 0 0 0 0 0 0 0 0 0 0 0 0 0 0 0
0 0 0 0 0 0 0 0 0 0 0 0 0 0 0 0
0 0 0 0 0 0 0 0 0 0 0 0 0 0 0 0
0 0 0 0 0 0 0 0 0 0 0 0 0 0 0 0
0 0 0 0 0 0 0 0 0 0 0 0 0 0 0 0
0 0 0 0 0 0 0 0 0 0 0 0 0 0 0 0
0 0 0 0 0 0 0 0 0 0 0 0 0 0 0 0
0 0 0 0 0 0 0 0 0 0 0 0 0 0 0 0
0 0 0 0 0 0 0 0 0 0 0 0 0 0 0 0
0 0 0 0 0 0 0 0 0 0 0 0 0 0 0 0
0 0 0 0 0 0 0 0 0 0 0 0 0 0 0 0
0 0 0 0 0 0 0 0 0 0 0 0 0 0 0 0
0 0 0 0 0 0 0 0 0 0 0 0 0 0 0 0
0 0 0 0 0 0 0 0 0 0 0 0 0 0 0 0
0 0 0 0 0 0 0 0 0 0 0 0 0 0 0 0
0 0 0 0 0 0 0 0 0 0 0 0 0 0 0 0
0 0 0 0 0 0 0 0 0 0 0 0 0 0 0 0
0 0 0 0 0 0 0 0 0 0 0 0 0 0 0 0
0 0 0 0 0 0 0 0 0 0 0 0 0 0 0 0
0 0 0 0 0 0 0 0 0 0 0 0 0 0 0 0
0 0 0 0 0 0 0 0 0 0 0 0 0 0 0 0
0 0 0 0 0 0 0 0 0 0 0 0 0 0 0 0
0 0 0 0 0 0 0 0 0 0 0 0 0 0 0 0
0 0 0 0 0 0 0 0 0 0 0 0 0 0 0 0
0 0 0 0 0 0 0 0 0 0 0 0 0 0 0 0
0 0 0 0 0 0 0 0 0 0 0 0 0 0 0 0
0 0 0 0 0 0 0 0 0 0 0 0 0 0 0 0
0 0 0 0 0 0 0 0 0 0 0 0 0 0 0 0
0 0 0 0 0 0 0 0 0 0 0 0 0 0 0 0
0 0 0 0 0 0 0 0 0 0 0 0 0 0 0 0
0 0 0 0 0 0 0 0 0 0 0 0 0 0 0 0
0 0 0 0 0 0 0 0 0 0 0 0 0 0 0 0
0 0 0 0 0 0 0 0 0 0 0 0 0 0 0 0
0 0 0 0 0 0 0 0 0 0 0 0 0 0 0 0
0 0 0 0 0 0 0 0 0 0 0 0 0 0 0 0
0 0 0 0 0 0 0 0 0 0 0 0 0 0 0 0
0 0 0 0 0 0 0 0 0 0 0 0 0 0 0 0
0 0 0 0 0 0 0 0 0 0 0 0 0 0 0 0
0 0 0 0 0 0 0 0 0 0 0 0 0 0 0 0
0 0 0 0 0 0 0 0 0 0 0 0 0 0 0 0
0 0 0 0 0 0 0 0 0 0 0 0 0 0 0 0
0 0 0 0 0 0 0 0 0 0 0 0 0 0 0 0
0 0 0 0 0 0 0 0 0 0 0 0 0 0 0 0
0 0 0 0 0 0 0 0 0 0 0 0 0 0 0 0
0 0 0 0 0 0 0 0 0 0 0 0 0 0 0 0
0 0 0 0 0 0 0 0 0 0 0 0 0 0 0 0
0 0 0 0 0 0 0 0 0 0 0 0 0 0 0 0
0 0 0 0 0 0 0 0 0 0 0 0 0 0 0 0
0 0 0 0 0 0 0 0 0 0 0 0 0 0 0 0
0 0 0 0 0 0 0 0 0 0 0 0 0 0 0 0
0 0 0 0 0 0 0 0 0 0 0 0 0 0 0 0
0 0 0 0 0 0 0 0 0 0 0 0 0 0 0 0
0 0 0 0 0 0 0 0 0 0 0 0 0 0 0 0
0 0 0 0 0 0 0 0 0 0 0 0 0 0 0 0
0 0 0 0 0 0 0 0 0 0 0 0 0 0 0 0
0 0 0 0 0 0 0 0 0 0 0 0 0 0 0 0
0 0 0 0 0 0 0 0 0 0 0 0 0 0 0 0
0 0 0 0 0 0 0 0 0 0 0 0 0 0 0 0
0 0 0 0 0 0 0 0 0 0 0 0 0 0 0 0
0 0 0 0 0 0 0 0 0 0 0 0 0 0 0 0
0 0 0 0 0 0 0 0 0 0 0 0 0 0 0 0
0 0 0 0 0 0 0 0 0 0 0 0 0 0 0 0
0 0 0 0 0 0 0 0 0 0 0 0 0 0 0 0
0 0 0 0 0 0 0 0 0 0 0 0 0 0 0 0
0 0 0 0 0 0 0 0 0 0 0 0 0 0 0 0
0 0 0 0 0 0 0 0 0 0 0 0 0 0 0 0
0 0 0 0 0 0 0 0 0 0 0 0 0 0 0 0
0 0 0 0 0 0 0 0 0 0 0 0 0 0 0 0
0 0 0 0 0 0 0 0 0 0 0 0 0 0 0 0
0 0 0 0 0 0 0 0 0 0 0 0 0 0 0 0
0 0 0 0 0 0 0 0 0 0 0 0 0 0 0 0
0 0 0 0 0 0 0 0 0 0 0 0 0 0 0 0
0 0 0 0 0 0 0 0 0 0 0 0 0 0 0 0
0 0 0 0 0 0 0 0 0 0 0 0 0 0 0 0
0 0 0 0 0 0 0 0 0 0 0 0 0 0 0 0
0 0 0 0 0 0 0 0 0 0 0 0 0 0 0 0
0 0 0 0 0 0 0 0 0 0 0 0 0 0 0 0
0 0 0 0 0 0 0 0 0 0 0 0 0 0 0 0
0 0 0 0 0 0 0 0 0 0 0 0 0 0 0 0
0 0 0 0 0 0 0 0 0 0 0 0 0 0 0 0
0 0 0 0 0 0 0 0 0 0 0 0 0 0 0 0
0 0 0 0 0 0 0 0 0 0 0 0 0 0 0 0
-0.7706527597693711 -0.12247192300228314 -0.33499686136626305 -0.1934889801811936 -0.8253559708140048 -0.7460033626135105 -0.4850042153532465 -0.20315993594473167 -0.6972067419885396 -0.5346077677007742 -0.27501865219615496 -0.2818221873164209 -0.2956599891946073 -0.43617145100032917 -0.2855683603336614 -0.4771944615405798
-1.2791193004495516 0.12629829622110722 0.01620698548547264 0.05804387549436172 -0.5487892388338403 -0.5183242619285596 -0.4850042153532465 -0.45710686591410815 -0.47058961044709446 -0.80826898529528 -0.5232957126371217 -0.5398245350005031 -0.9700202661294584 -0.43617145100032917 -0.2855683603336614 -0.4771944615405798
-0.26208651908905717 0.37505458544454107 0.01620698548547264 0.5611236688454542 -0.5487892388338403 NaN 0.28391506215796514 0.5586950439633962 -0.24401055890590853 -0.2609925101058644 -0.7716144830781626 -0.0238198256323389 -0.9700202661294584 0.032438823181872654 -0.6357874202711716 0.0036952124290085373
1.5177601032918604 0.12629829622110722 -0.33499686136626305 1.5672550975476753 0.004251304325823148 NaN 1.565423298010062 1.3205358038715256 1.34205551188248 0.8334838102736406 -0.026741594755188263 1.5242087864720235 0.3786625277404153 1.438282793728371 -0.6357874202711716 1.4463776927377334
2.2805596043122645 0.37505458544454107 -0.6862007002179986 2.3218676965743232 2.2164289209645878 NaN 3.103247493032532 2.590284603718406 2.928121622670868 2.475190675842965 1.462934700890637 2.556232677208222 1.3901179931430778 2.1412112880015672 0.06465069660384899 2.4081704898768708
1.0092365026116037 0.12629829622110722 0.7186343351888798 1.31572219787212 3.046005226904194 NaN 1.8217248971804814 1.574482703840902 2.928121622670868 1.6543295830583702 2.4560568026545284 1.5242087864720235 1.0529661946755235 1.438282793728371 0.06465069660384899 1.2059328934529394
-0.5163482794291855 0.12629829622110722 0.7186343351888798 -0.44502182985674893 1.3868681150250926 NaN -0.22870257618282716 -0.20315993594473167 0.8888974188001078 -0.2609925101058644 1.462934700890637 -0.5398245350005031 0.04149183227294687 -0.43617145100032917 -0.2855683603336614 -0.7176796908252538
-1.533423800789737 -0.12247192300228314 0.01620698548547264 -1.7027564982344348 -0.5487892388338403 NaN -2.0227853903758555 -1.7269125957609819 -1.376931206612011 -1.3554381904856387 -0.27501865219615496 -1.8299085834202649 -0.2956599891946073 -1.607762781455299 -0.2855683603336614 -1.919836497249425
-0.7706527597693711 -0.8687825906724542 -0.6862007002179986 -1.7027564982344348 -1.6549013067533893 -0.9735549932980778 -1.510239492034831 -0.9649438158528679 -1.830038609694038 -1.0817769928911325 -1.2681130039599973 -1.055771490369186 0.04149183227294687 -1.1390737852737385 0.06465069660384899 -0.9580302701103284
1.0092365026116037 -0.6199845014491508 -0.33499686136626305 0.5611236688454542 -0.27226896685400864 0.3922519308108216 0.5402167013283844 0.05078698202464483 -0.6972067419885396 0.5598685626787308 -0.7716144830781626 0.4921993357356955 1.3901179931430778 0.7353673594550685 0.4148893695413558 0.725043184883351
2.5348213046523926 -0.12247192300228314 0.7186343351888798 2.0703207968987862 0.8338276010654293 1.9857507056047101 2.3343424955212737 1.574482703840902 0.8888974188001078 2.20156007824819 0.9663805400087033 2.2982302795241405 2.4015734885457403 2.1412112880015672 -0.2855683603336614 2.4081704898768708
2.789083104992521 0.6238108746679749 1.0698381940406152 2.5734005962498783 2.4929647229445306 1.9857507056047101 2.3343424955212737 2.0823766037796547 2.021805416506124 3.022421171032785 2.207779702213562 2.556232677208222 2.4015734885457403 2.1412112880015672 0.06465069660384899 2.8890601884464586
1.7720218036319888 1.3700797923382764 1.0698381940406152 0.8126565185210095 2.2164289209645878 1.7580971049198362 0.7965183404988038 1.3205358038715256 1.7952136149648519 1.6543295830583702 1.7112117013316037 0.7502016934197776 0.3786625277404153 0.7353673594550685 0.06465069660384899 1.2059328934529394
-0.26208651908905717 2.1163625900085345 0.7186343351888798 -0.9480311892079323 0.5573073290855977 1.0751745028653286 -0.9975500736942712 -0.20315993594473167 0.43573930571773584 -0.2609925101058644 0.22154936868580316 -0.2818221873164209 -0.9700202661294584 -0.43617145100032917 -0.6357874202711716 -0.7176796908252538
-1.533423800789737 1.3700797923382764 0.36743049633714403 -1.451181398558934 -0.8253559708140048 -0.5183242619285596 -1.510239492034831 -1.4729229957916106 -0.9236969735291213 -2.1762685832705038 -1.0197942035189562 -1.3138171880528786 -1.9814568915322064 -1.3734182833645188 -0.2855683603336614 -2.4008069958187725
-2.0418904014699177 -0.37122821222571706 0.01620698548547264 -1.451181398558934 -1.6549013067533893 -2.111823006722448 -1.766584191205111 -1.9807599957303705 -1.6035483081534558 -2.4499298808650085 -1.516431704401038 -2.0878097811052547 -1.9814568915322064 -1.607762781455299 -0.6357874202711716 -1.919836497249425
-1.533423800789737 -1.6150374983427993 -0.6862007002179986 -0.9480311892079323 -1.6549013067533893 -1.8841439060374976 -1.2538947928645512 -1.4729229957916106 -1.376931206612011 -1.0817769928911325 -1.516431704401038 -1.3138171880528786 -0.6328118076621615 -1.1390737852737385 -0.9860653202086715 -0.7176796908252538
-0.5163482794291855 -1.1174413998961923 -1.0374634990695417 -0.6965969395322498 -1.1017678027930602 -0.7460033626135105 -0.7413489045235266 -0.7110964458834794 -0.6972067419885396 -0.2609925101058644 -1.2681130039599973 -0.2818221873164209 0.04149183227294687 -0.20186631290922827 -0.6357874202711716 -0.23674962225578564
-0.26208651908905717 0.6238108746679749 -0.6862007002179986 -0.6965969395322498 -0.5487892388338403 -0.290683401243724 -0.7413489045235266 -0.20315993594473167 -0.24401055890590853 0.012622736489045583 -0.5232957126371217 -0.2818221873164209 0.04149183227294687 -0.20186631290922827 1.1153274994163764 -0.4771944615405798
-0.26208651908905717 1.8675922907851443 -0.6862007002179986 -0.6965969395322498 -0.5487892388338403 -0.290683401243724 -0.7413489045235266 -0.20315993594473167 -0.47058961044709446 -0.2609925101058644 -0.026741594755188263 -0.2818221873164209 0.04149183227294687 -0.20186631290922827 1.1153274994163764 -0.4771944615405798
-0.5163482794291855 2.1163625900085345 -0.33499686136626305 -0.9480311892079323 -0.27226896685400864 -0.7460033626135105 -0.7413489045235266 -0.7110964458834794 -0.6972067419885396 -0.5346077677007742 0.22154936868580316 -0.5398245350005031 -0.2956599891946073 -0.6705159490911095 1.465546499353887 -0.4771944615405798
-0.5163482794291855 1.1213234931148424 -0.6862007002179986 -0.6965969395322498 0.004251304325823148 -0.5183242619285596 -0.4850042153532465 -0.45710686591410815 -0.47058961044709446 -0.5346077677007742 -0.026741594755188263 -0.2818221873164209 -0.6328118076621615 -0.43617145100032917 1.465546499353887 -0.4771944615405798
-0.26208651908905717 -0.12247192300228314 -0.6862007002179986 -0.1934889801811936 0.004251304325823148 -0.5183242619285596 0.0275990679875922 -0.20315993594473167 -0.24401055890590853 -0.2609925101058644 -0.7716144830781626 -0.797870242684196 0.04149183227294687 -0.43617145100032917 0.4148893695413558 -0.4771944615405798
-0.26208651908905717 -1.366239399119496 0.01620698548547264 0.05804387549436172 -0.27226896685400864 -0.5183242619285596 0.0275990679875922 0.05078698202464483 -0.24401055890590853 -0.5346077677007742 -1.0197942035189562 -0.5398245350005031 0.3786625277404153 -0.6705159490911095 0.4148893695413558 -0.4771944615405798
-0.26208651908905717 -1.8638355975661027 0.01620698548547264 0.05804387549436172 -0.27226896685400864 -0.06304253855888822 0.0275990679875922 0.30474812399401957 -0.24401055890590853 -0.5346077677007742 -0.5232957126371217 -0.0238198256323389 0.7158143562079694 -0.43617145100032917 0.4148893695413558 -0.23674962225578564
-0.00782475194892881 -1.366239399119496 0.01620698548547264 0.05804387549436172 NaN 0.16461107012598586 0.0275990679875922 0.30474812399401957 -0.24401055890590853 -0.2609925101058644 -0.026741594755188263 0.2341969780516135 0.3786625277404153 0.032438823181872654 1.1153274994163764 0.48459834559855686
0.24645125159121858 -0.6199845014491508 0.01620698548547264 0.3095908091698989 NaN 0.3922519308108216 0.0275990679875922 0.05078698202464483 -0.0174314983647225 0.012622736489045583 0.4698264291267699 0.4921993357356955 0.04149183227294687 0.2667570832728667 1.1153274994163764 0.725043184883351
0.24645125159121858 -0.6199845014491508 0.01620698548547264 0.3095908091698989 NaN 0.6198927914956573 0.28391506215796514 0.30474812399401957 0.20916024417654977 0.2862533050838208 0.7181034795677367 0.4921993357356955 -0.2956599891946073 0.5010622213639676 -0.2855683603336614 0.48459834559855686
0.24645125159121858 -0.6199845014491508 0.01620698548547264 0.5611236688454542 NaN 0.3922519308108216 0.28391506215796514 0.05078698202464483 0.20916024417654977 0.2862533050838208 0.4698264291267699 -0.0238198256323389 -0.2956599891946073 0.2667570832728667 -0.6357874202711716 0.0036952124290085373
0.24645125159121858 -0.8687825906724542 0.01620698548547264 0.05804387549436172 NaN 0.16461107012598586 0.28391506215796514 -0.20315993594473167 0.20916024417654977 0.012622736489045583 -0.026741594755188263 -0.0238198256323389 -0.2956599891946073 0.5010622213639676 -0.6357874202711716 -0.23674962225578564
-0.00782475194892881 -1.1174413998961923 -0.33499686136626305 0.05804387549436172 NaN -0.06304253855888822 0.0275990679875922 -0.20315993594473167 -0.0174314983647225 0.012622736489045583 -0.026741594755188263 -0.0238198256323389 0.04149183227294687 0.032438823181872654 -0.9860653202086715 -0.23674962225578564
-0.26208651908905717 -1.1174413998961923 -0.33499686136626305 -0.1934889801811936 -0.27226896685400864 -0.06304253855888822 -0.4850042153532465 -0.20315993594473167 -0.24401055890590853 -0.2609925101058644 -0.27501865219615496 -0.2818221873164209 -0.2956599891946073 -0.20186631290922827 -1.3361471001462066 -0.23674962225578564
-0.5163482794291855 -0.6199845014491508 -0.33499686136626305 -0.1934889801811936 -0.27226896685400864 -0.290683401243724 -0.22870257618282716 -0.20315993594473167 -0.24401055890590853 -0.2609925101058644 -0.27501865219615496 -0.5398245350005031 -0.2956599891946073 -0.20186631290922827 -0.2855683603336614 -0.23674962225578564
-0.26208651908905717 -0.37122821222571706 0.01620698548547264 -0.1934889801811936 -0.27226896685400864 -0.290683401243724 0.0275990679875922 0.05078698202464483 -0.24401055890590853 -0.2609925101058644 -0.27501865219615496 -0.2818221873164209 -0.2956599891946073 -0.20186631290922827 0.06465069660384899 -0.23674962225578564
-0.00782475194892881 0.37505458544454107 0.01620698548547264 0.05804387549436172 -0.27226896685400864 -0.290683401243724 -0.22870257618282716 0.05078698202464483 -0.0174314983647225 -0.2609925101058644 -0.026741594755188263 -0.2818221873164209 0.3786625277404153 0.032438823181872654 0.06465069660384899 0.0036952124290085373
0.24645125159121858 0.6238108746679749 0.01620698548547264 -0.1934889801811936 0.004251304325823148 -0.290683401243724 0.0275990679875922 0.05078698202464483 -0.0174314983647225 0.012622736489045583 -0.026741594755188263 0.2341969780516135 0.3786625277404153 0.032438823181872654 -0.2855683603336614 0.0036952124290085373
0.24645125159121858 0.6238108746679749 -0.33499686136626305 0.05804387549436172 0.004251304325823148 -0.06304253855888822 0.0275990679875922 -0.20315993594473167 -0.0174314983647225 0.012622736489045583 -0.026741594755188263 0.2341969780516135 0.04149183227294687 0.032438823181872654 -0.6357874202711716 0.24415351631376264
-0.00782475194892881 0.37505458544454107 0.01620698548547264 0.05804387549436172 0.004251304325823148 -0.06304253855888822 0.0275990679875922 -0.20315993594473167 -0.24401055890590853 0.012622736489045583 0.22154936868580316 -0.2818221873164209 -0.2956599891946073 0.2667570832728667 -0.6357874202711716 0.24415351631376264
-0.26208651908905717 0.12629829622110722 -0.33499686136626305 0.05804387549436172 0.004251304325823148 -0.06304253855888822 -0.22870257618282716 -0.20315993594473167 -0.24401055890590853 -0.2609925101058644 0.4698264291267699 -0.2818221873164209 -0.6328118076621615 0.7353673594550685 0.06465069660384899 -0.23674962225578564
-0.00782475194892881 -0.12247192300228314 -0.33499686136626305 -0.1934889801811936 -0.27226896685400864 -0.06304253855888822 -0.4850042153532465 -0.45710686591410815 -0.47058961044709446 0.012622736489045583 0.4698264291267699 -0.2818221873164209 -0.2956599891946073 0.5010622213639676 0.06465069660384899 -0.23674962225578564
-0.00782475194892881 -0.37122821222571706 -0.33499686136626305 -1.1996062988834328 -0.5487892388338403 -0.06304253855888822 -0.7413489045235266 -0.20315993594473167 -0.24401055890590853 0.012622736489045583 -0.026741594755188263 -0.2818221873164209 0.3786625277404153 0.032438823181872654 0.06465069660384899 0.0036952124290085373
-0.26208651908905717 -0.12247192300228314 -0.6862007002179986 -1.954190797910117 -0.27226896685400864 -0.7460033626135105 -0.9975500736942712 -0.7110964458834794 -0.47058961044709446 -0.5346077677007742 -0.27501865219615496 -0.797870242684196 0.7158143562079694 -1.1390737852737385 -0.2855683603336614 -0.4771944615405798
-0.7706527597693711 -0.12247192300228314 -1.0374634990695417 -0.6965969395322498 -0.27226896685400864 -0.7460033626135105 -0.7413489045235266 -0.7110964458834794 -0.24401055890590853 -0.5346077677007742 -0.7716144830781626 -0.797870242684196 0.04149183227294687 -1.3734182833645188 -0.2855683603336614 -0.4771944615405798
-0.7706527597693711 0.12629829622110722 0.01620698548547264 1.0641893981965649 -0.5487892388338403 -0.5183242619285596 0.5402167013283844 0.30474812399401957 0.20916024417654977 -0.2609925101058644 -0.7716144830781626 -0.5398245350005031 -0.2956599891946073 -0.9047292471829586 0.4148893695413558 -0.4771944615405798
-0.26208651908905717 0.37505458544454107 1.0698381940406152 1.5672550975476753 -0.27226896685400864 -0.06304253855888822 1.8217248971804814 1.066588903902149 0.6623183672589218 0.012622736489045583 -0.7716144830781626 0.2341969780516135 0.04149183227294687 -0.43617145100032917 0.4148893695413558 -0.23674962225578564
-0.26208651908905717 0.8725671638914088 0.01620698548547264 0.8126565185210095 0.5573073290855977 -0.5183242619285596 1.309121598839643 0.30474812399401957 -0.24401055890590853 -0.2609925101058644 -1.0197942035189562 0.4921993357356955 0.3786625277404153 -0.43617145100032917 0.4148893695413558 -0.23674962225578564
-0.7706527597693711 0.6238108746679749 -2.0910553956248132 -0.1934889801811936 0.28078705710576574 -0.5183242619285596 0.0275990679875922 0.05078698202464483 -1.150314105070566 0.012622736489045583 -0.7716144830781626 -0.0238198256323389 -0.2956599891946073 0.2667570832728667 0.4148893695413558 -0.4771944615405798
0.500713011931347 0.37505458544454107 -0.6862007002179986 0.5611236688454542 -0.27226896685400864 0.6198927914956573 0.28391506215796514 0.30474812399401957 -0.47058961044709446 0.8334838102736406 -0.026741594755188263 0.7502016934197776 -0.6328118076621615 0.7353673594550685 0.7651084294788661 0.24415351631376264
1.263498302951732 -0.37122821222571706 1.7722458917440864 1.31572219787212 0.5573073290855977 1.7580971049198362 1.0528199996692233 1.574482703840902 1.34205551188248 1.3807142854634606 0.9663805400087033 1.5242087864720235 0.3786625277404153 1.9068930899105727 0.7651084294788661 0.9654880141681452
2.2805596043122645 -0.8687825906724542 4.230692483706172 1.818787897223231 1.3868681150250926 2.6686733076592173 1.309121598839643 2.590284603718406 2.24838441804731 2.20156007824819 1.9594888017725705 2.0402134818401882 1.0529661946755235 2.6098215841837686 0.4148893695413558 2.1677256905920763
2.2805596043122645 -0.6199845014491508 3.528284786002701 1.5672550975476753 2.4929647229445306 2.4410324069743816 1.309121598839643 2.3363377037490296 2.474963519588496 2.20156007824819 2.952610903536462 2.556232677208222 2.0644215900781866 2.6098215841837686 0.06465069660384899 2.4081704898768708
1.263498302951732 0.37505458544454107 2.1234496905958227 0.8126565185210095 2.2164289209645878 1.0751745028653286 0.5402167013283844 0.8126419639327727 1.34205551188248 0.5598685626787308 2.7043338030954955 1.0082040911038592 2.7387252870132945 1.2039775956372705 0.06465069660384899 1.4463776927377334
0.24645125159121858 -0.37122821222571706 -0.33499686136626305 -0.44502182985674893 0.28078705710576574 -0.5183242619285596 -0.4850042153532465 -0.9649438158528679 -0.24401055890590853 -0.2609925101058644 0.9663805400087033 -0.5398245350005031 1.3901179931430778 -0.9047292471829586 0.06465069660384899 0.24415351631376264
-0.5163482794291855 NaN -1.73979259677327 -1.451181398558934 -0.5487892388338403 -1.4289132046679796 -0.9975500736942712 -1.9807599957303705 -1.150314105070566 -0.80826898529528 -0.7716144830781626 -1.3138171880528786 0.04149183227294687 -1.3734182833645188 0.06465069660384899 -0.7176796908252538
-1.2791193004495516 NaN -1.73979259677327 -1.954190797910117 -1.3783346047732252 -1.8841439060374976 -1.510239492034831 -1.9807599957303705 -1.376931206612011 -1.3554381904856387 -1.2681130039599973 -1.5718628857365717 -1.3070398945976132 -1.3734182833645188 NaN -1.4390006986796766
-1.2791193004495516 NaN -1.0374634990695417 -1.1996062988834328 -1.6549013067533893 -1.4289132046679796 -1.2538947928645512 -1.4729229957916106 -0.9236969735291213 -1.3554381904856387 -1.0197942035189562 -1.3138171880528786 -2.6556849884676583 -1.1390737852737385 NaN -0.9580302701103284
-0.7706527597693711 NaN -0.33499686136626305 -0.44502182985674893 -1.3783346047732252 -0.9735549932980778 -0.4850042153532465 -0.7110964458834794 -0.0174314983647225 -0.2609925101058644 -1.0197942035189562 -0.2818221873164209 -2.3186652899995037 -0.9047292471829586 NaN -0.4771944615405798
-0.26208651908905717 NaN 0.01620698548547264 0.05804387549436172 -0.5487892388338403 -0.06304253855888822 -0.22870257618282716 0.05078698202464483 0.20916024417654977 0.012622736489045583 -0.5232957126371217 -0.0238198256323389 -1.3070398945976132 -0.20186631290922827 NaN -0.23674962225578564
-0.00782475194892881 NaN 0.01620698548547264 0.05804387549436172 0.004251304325823148 0.3922519308108216 0.0275990679875922 0.05078698202464483 -0.24401055890590853 0.012622736489045583 -0.27501865219615496 -0.0238198256323389 0.04149183227294687 0.2667570832728667 NaN -0.23674962225578564
-0.00782475194892881 2.1163625900085345 -0.33499686136626305 -0.1934889801811936 0.28078705710576574 0.3922519308108216 -0.22870257618282716 -0.20315993594473167 -0.47058961044709446 -0.2609925101058644 -0.026741594755188263 -0.0238198256323389 0.04149183227294687 -0.43617145100032917 NaN -0.4771944615405798
-0.5163482794291855 1.6188359915617103 -0.33499686136626305 -0.1934889801811936 0.004251304325823148 -0.06304253855888822 -0.22870257618282716 -0.20315993594473167 -0.0174314983647225 -0.5346077677007742 -0.026741594755188263 -0.5398245350005031 -0.2956599891946073 -0.6705159490911095 1.465546499353887 -0.4771944615405798
-0.26208651908905717 0.37505458544454107 0.01620698548547264 -0.1934889801811936 -0.5487892388338403 -0.290683401243724 -0.22870257618282716 -0.20315993594473167 -0.0174314983647225 -0.5346077677007742 -0.27501865219615496 -0.5398245350005031 -0.6328118076621615 -0.20186631290922827 -2.386980799958706 -0.23674962225578564
-0.00782475194892881 -0.6199845014491508 0.36743049633714403 0.05804387549436172 -0.27226896685400864 -0.06304253855888822 0.28391506215796514 0.05078698202464483 -0.24401055890590853 0.012622736489045583 -0.5232957126371217 -0.0238198256323389 -0.2956599891946073 -0.20186631290922827 -4.137977999646275 0.0036952124290085373
-0.00782475194892881 -1.1174413998961923 0.7186343351888798 0.3095908091698989 0.004251304325823148 0.3922519308108216 0.5402167013283844 0.30474812399401957 -0.24401055890590853 0.5598685626787308 -0.27501865219615496 0.4921993357356955 0.04149183227294687 0.2667570832728667 -1.6864250000837064 0.48459834559855686
0.500713011931347 -1.1174413998961923 0.36743049633714403 0.3095908091698989 0.5573073290855977 0.3922519308108216 0.5402167013283844 0.30474812399401957 -0.0174314983647225 0.8334838102736406 0.4698264291267699 0.7502016934197776 0.7158143562079694 0.2667570832728667 0.4148893695413558 0.48459834559855686