0 0 0 0 0 0 0 0 0 0 0
0 0 0 0 0 0 0 0 0 0 0
0 0 0 0 0 0 0 0 0 0 0
0 0 0 0 0 0 0 0 0 0 0
0 0 0 0 0 0 0 0 0 0 0
0 0 0 0 0 0 0 0 0 0 0
0 0 0 0 0 0 0 0 0 0 0
0 0 0 0 0 0 0 0 0 0 0
0 0 0 0 0 0 0 0 0 0 0
0 0 0 0 0 0 0 0 0 0 0
0 0 0 0 0 0 0 0 0 0 0
0 0 0 0 0 0 0 0 0 0 0
0 0 0 0 0 0 0 0 0 0 0
0 0 0 0 0 0 0 0 0 0 0
0 0 0 0 0 0 0 0 0 0 0
0 0 0 0 0 0 0 0 0 0 0
0 0 0 0 0 0 0 0 0 0 0
0 0 0 0 0 0 0 0 0 0 0
0 0 0 0 0 0 0 0 0 0 0
0 0 0 0 0 0 0 0 0 0 0
0 0 0 0 0 0 0 0 0 0 0
0 0 0 0 0 0 0 0 0 0 0
0 0 0 0 0 0 0 0 0 0 0
0 0 0 0 0 0 0 0 0 0 0
0 0 0 0 0 0 0 0 0 0 0
0 0 0 0 0 0 0 0 0 0 0
0 0 0 0 0 0 0 0 0 0 0
0 0 0 0 0 0 0 0 0 0 0
0 0 0 0 0 0 0 0 0 0 0
0 0 0 0 0 0 0 0 0 0 0
0 0 0 0 0 0 0 0 0 0 0
0 0 0 0 0 0 0 0 0 0 0
0 0 0 0 0 0 0 0 0 0 0
0 0 0 0 0 0 0 0 0 0 0
0 0 0 0 0 0 0 0 0 0 0
0 0 0 0 0 0 0 0 0 0 0
0 0 0 0 0 0 0 0 0 0 0
0 0 0 0 0 0 0 0 0 0 0
0 0 0 0 0 0 0 0 0 0 0
0 0 0 0 0 0 0 0 0 0 0
0 0 0 0 0 0 0 0 0 0 0
0 0 0 0 0 0 0 0 0 0 0
0 0 0 0 0 0 0 0 0 0 0
0 0 0 0 0 0 0 0 0 0 0
0 0 0 0 0 0 0 0 0 0 0
0 0 0 0 0 0 0 0 0 0 0
0 0 0 0 0 0 0 0 0 0 0
0 0 0 0 0 0 0 0 0 0 0
0 0 0 0 0 0 0 0 0 0 0
0 0 0 0 0 0 0 0 0 0 0
0 0 0 0 0 0 0 0 0 0 0
0 0 0 0 0 0 0 0 0 0 0
0 0 0 0 0 0 0 0 0 0 0
0 0 0 0 0 0 0 0 0 0 0
0 0 0 0 0 0 0 0 0 0 0
0 0 0 0 0 0 0 0 0 0 0
0 0 0 0 0 0 0 0 0 0 0
0 0 0 0 0 0 0 0 0 0 0
0 0 0 0 0 0 0 0 0 0 0
0 0 0 0 0 0 0 0 0 0 0
0 0 0 0 0 0 0 0 0 0 0
0 0 0 0 0 0 0 0 0 0 0
0 0 0 0 0 0 0 0 0 0 0
0 0 0 0 0 0 0 0 0 0 0
0 0 0 0 0 0 0 0 0 0 0
0 0 0 0 0 0 0 0 0 0 0
0 0 0 0 0 0 0 0 0 0 0
0 0 0 0 0 0 0 0 0 0 0
0 0 0 0 0 0 0 0 0 0 0
0 0 0 0 0 0 0 0 0 0 0
0 0 0 0 0 0 0 0 0 0 0
0 0 0 0 0 0 0 0 0 0 0
0 0 0 0 0 0 0 0 0 0 0
0 0 0 0 0 0 0 0 0 0 0
0 0 0 0 0 0 0 0 0 0 0
0 0 0 0 0 0 0 0 0 0 0
0 0 0 0 0 0 0 0 0 0 0
0 0 0 0 0 0 0 0 0 0 0
0 0 0 0 0 0 0 0 0 0 0
0 0 0 0 0 0 0 0 0 0 0
0 0 0 0 0 0 0 0 0 0 0
0 0 0 0 0 0 0 0 0 0 0
0 0 0 0 0 0 0 0 0 0 0
0 0 0 0 0 0 0 0 0 0 0
0 0 0 0 0 0 0 0 0 0 0
0 0 0 0 0 0 0 0 0 0 0
0 0 0 0 0 0 0 0 0 0 0
0 0 0 0 0 0 0 0 0 0 0
0 0 0 0 0 0 0 0 0 0 0
0 0 0 0 0 0 0 0 0 0 0
0 0 0 0 0 0 0 0 0 0 0
0 0 0 0 0 0 0 0 0 0 0
0 0 0 0 0 0 0 0 0 0 0
0 0 0 0 0 0 0 0 0 0 0
0 0 0 0 0 0 0 0 0 0 0
0 0 0 0 0 0 0 0 0 0 0
0 0 0 0 0 0 0 0 0 0 0
0 0 0 0 0 0 0 0 0 0 0
0 0 0 0 0 0 0 0 0 0 0
0 0 0 0 0 0 0 0 0 0 0
0 0 0 0 0 0 0 0 0 0 0
0 0 0 0 0 0 0 0 0 0 0
0 0 0 0 0 0 0 0 0 0 0
0 0 0 0 0 0 0 0 0 0 0
0 0 0 0 0 0 0 0 0 0 0
0 0 0 0 0 0 0 0 0 0 0
0 0 0 0 0 0 0 0 0 0 0
0 0 0 0 0 0 0 0 0 0 0
0 0 0 0 0 0 0 0 0 0 0
0 0 0 0 0 0 0 0 0 0 0
0 0 0 0 0 0 0 0 0 0 0
0 0 0 0 0 0 0 0 0 0 0
0 0 0 0 0 0 0 0 0 0 0
0 0 0 0 0 0 0 0 0 0 0
0 0 0 0 0 0 0 0 0 0 0
0 0 0 0 0 0 0 0 0 0 0
0 0 0 0 0 0 0 0 0 0 0
0 0 0 0 0 0 0 0 0 0 0
0 0 0 0 0 0 0 0 0 0 0
0 0 0 0 0 0 0 0 0 0 0
0.6883455407219169 -0.49171779893850276 0.22125239155564688 -0.5684407906109074 0.10938525025711843 0.023235385766490226 0.37854084996653975 -0.13885113663286655 0.17876728370161296 1.8704787942166217 0.2491066004767375
0.6172271007884471 -0.45549060893045495 0.2413662516033819 -0.5301241903724409 0.09042205233136005 0.003989912995255801 0.37854084996653975 -0.11908413667348275 0.1584640736420115 0.08599788427165268 0.2104927305672999
0.6172271007884471 -0.45549060893045495 0.3017078017465869 -0.5109658802532077 0.09042205233136005 0.023235385766490226 0.40218163999796114 -0.0597831267953314 0.1584640736420115 0.10925132821881187 0.2297996605220187
0.5698148108328006 -0.437377008926431 0.3419355218420569 -0.4726492900147412 0.1473116301086352 0.06172632990895907 0.4258224200293825 -0.020249121876563834 0.21937370382081595 0.13250476816597104 0.2297996605220187
0.6883455407219169 -0.4011498289183832 0.4223909320329969 -0.39601608953780837 0.20420120988591037 0.11946273812266231 0.44946321006080386 0.03905188500158752 0.2599801139400189 0.10925132821881187 0.19118579061258112
0.6409332507662704 -0.3286954489022875 0.48273249217620184 -0.3002245889416424 0.2610907796631856 0.1771991583363656 0.5440263401864894 0.019284883042203736 0.28028332399962036 0.13250476816597104 0.2104927305672999
0.7120516906997402 -0.2562410788861919 0.5028463522239368 -0.24274967858394267 0.31798035944046077 0.23493557855006889 0.5676671302179107 -0.00048211962718004914 0.3208897441188233 0.13250476816597104 0.2491066004767375
0.78317013063321 -0.22001388887814402 0.36204936188979187 -0.24274967858394267 0.3559067492919775 0.2734265186925377 0.6622302703435962 -0.11908413667348275 0.23967690388041737 0.20226508800744863 0.26841355043145626
0.4986963708993308 -0.12944591885802448 0.32182166179432187 -0.20443308834547635 0.20420120988591037 0.15795368826513118 0.5676671302179107 -0.09931713071409896 0.19907049376121444 0.1790116480602894 0.3263343702956126
0.4749902309215075 -0.11133232885400057 0.2815939516988519 -0.2810662788224091 0.185238019960152 0.11946273812266231 0.40218163999796114 -0.13885113663286655 0.17876728370161296 0.248771967901767 0.34564131025033135
0.5461086708549773 -0.23812747888216795 0.22125239155564688 -0.2810662788224091 0.185238019960152 0.10021727805142794 0.44946321006080386 -0.23768614642978547 0.09755444646320706 0.2720254078489262 0.4035621201144877
0.33275335105456794 -0.2562410788861919 0.22125239155564688 -0.3193828790608755 0.09042205233136005 0.003989912995255801 0.37854084996653975 -0.19815214651101787 0.0569480283440041 0.3417857376904037 0.44217600002392526
0.33275335105456794 -0.2743546688902158 0.18102469146017688 -0.3768577794185751 0.07145886040560166 -0.015255558375978619 0.3076184998722757 -0.21791914647040167 0.09755444646320706 0.31853229774324454 0.3070274303408938
0.2616349111210981 -0.3105818588982636 0.12068312131697191 -0.3385411891801088 0.05249566747984328 -0.015255558375978619 0.2839777098408543 -0.19815214651101787 0.016341611224801152 0.1790116480602894 0.3070274303408938
0.23792876114327485 -0.2743546688902158 0.12068312131697191 -0.357699489299342 -0.004393910397431881 -0.05374650251844747 0.21305535974659018 -0.1783851365516341 0.03664481928440262 0.15575820811313024 0.3070274303408938
0.2616349111210981 -0.34680903890631143 0.12068312131697191 -0.3193828790608755 0.014569282628326505 0.003989912995255801 0.3076184998722757 -0.19815214651101787 -0.0039615983348003266 0.08599788427165268 0.2104927305672999
0.2142226211654516 -0.29246825889423966 0.10056927126923693 -0.22359137846470947 0.014569282628326505 -0.05374650251844747 0.2839777098408543 -0.21791914647040167 -0.0039615983348003266 0.08599788427165268 0.15257191070314358
0.2142226211654516 -0.3105818588982636 0.040227708126031936 -0.2810662788224091 -0.004393910397431881 -0.05374650251844747 0.1894145797151688 -0.2772201463485531 -0.0039615983348003266 NaN 0.15257191070314358
0.2616349111210981 -0.3105818588982636 0.02011385507829694 -0.26190798870317594 -0.04232029614894866 -0.09223744666091631 0.1894145797151688 -0.2969871563079368 -0.06487122501360476 NaN 0.113958030793706
0.23792876114327485 -0.3286954489022875 0.02011385507829694 -0.357699489299342 -0.09920987092622384 -0.13072839280338516 0.11849221962090471 -0.25745315638916927 -0.1054776371328077 NaN 0.1332649707484248
0.09569188627633526 -0.3649226389103354 -0.020113853017173052 -0.2810662788224091 -0.1181730688519822 -0.14997386287461956 0.09485143958948335 -0.25745315638916927 -0.06487122501360476 NaN 0.09465109283898723
0.11939803125415853 -0.34680903890631143 -0.040227707064908046 -0.3002245889416424 -0.1181730688519822 -0.13072839280338516 0.047569870526640606 -0.25745315638916927 -0.06487122501360476 NaN 0.113958030793706
0.11939803125415853 -0.3649226389103354 -0.040227707064908046 -0.24274967858394267 -0.1371362587777406 -0.14997386287461956 0.047569870526640606 -0.2969871563079368 -0.1054776371328077 NaN 0.03673027697483087
-0.022838846612781065 -0.34680903890631143 -0.06034156011264304 -0.3002245889416424 -0.1181730688519822 -0.14997386287461956 0.047569870526640606 -0.23768614642978547 -0.08517443307320624 NaN -0.040497479844044254
0.16681032120980507 -0.3105818588982636 -0.020113853017173052 -0.22359137846470947 -0.15609944870349898 -0.14997386287461956 0.023929085495219233 -0.23768614642978547 -0.1054776371328077 NaN -0.05980441879876303
0.2853410510989214 -0.3105818588982636 -0.08045541516037803 -0.24274967858394267 -0.15609944870349898 -0.14997386287461956 -0.04699326759904487 -0.2772201463485531 -0.14608405725201065 -0.030269319464143234 -0.05980441879876303
0.16681032120980507 -0.3286954489022875 -0.12068312925584804 -0.3385411891801088 -0.21298902848077414 -0.1884648030170884 -0.023352483567623504 -0.19815214651101787 -0.14608405725201065 -0.14653652119993918 -0.07911135775348181
0.04827959232068873 -0.3649226389103354 0.040227708126031936 -0.20443308834547635 -0.1181730688519822 -0.13072839280338516 -0.07063405263046624 -0.13885113663286655 -0.024264807894401805 -0.053522760411302425 -0.13703216861763817
0.16681032120980507 -0.3105818588982636 -0.08045541516037803 -0.20443308834547635 0.014569282628326505 -0.015255558375978619 -0.07063405263046624 -0.3958221661048557 0.016341611224801152 -0.030269319464143234 -0.17564604852707572
0.16681032120980507 -0.14755950886204838 -1.0056927013561878 -0.08948327863007703 -0.45951053751563314 -0.4771468940856048 0.047569870526640606 -1.1469682945614394 -0.5318450283844388 -0.14653652119993918 -0.21425992843651326
0.1431041812319818 -0.29246825889423966 -2.292979404411228 -0.20443308834547635 -1.4455965936550692 -1.6511207084309047 -0.07063405263046624 -2.2539203922869313 -1.6282183016029184 -0.12328308125277998 -0.1949529884817945
-0.8051416778809488 -1.0351255990592203 -3.037191906177422 -0.5684407906109074 -2.6402776889778474 -2.8635854129186726 -0.8507799416673715 -2.7480954912715254 -2.704288404761797 -0.12328308125277998 -0.13703216861763817
-2.180098096594698 -2.2125091993207744 -3.037191906177422 -1.5071975064533345 -3.1143575871218068 -2.9790582133460792 -2.1037416033327045 -2.7876294911902932 -3.110352605953827 -0.07677620235846161 -0.11772522866291939
-3.009813295818512 -2.683462599425396 -3.037191906177422 -2.388479311938062 -3.1143575871218068 -2.921321813132376 -2.978450504495295 -2.530658491718304 -2.947926905477015 0.0627444453244935 -0.6003987175308889
-3.009813295818512 -2.6472353994173483 -2.7555979055091324 -2.656695613607327 -3.0195415874930154 -2.7866035126337354 -3.0257321045581373 -2.3329883921244665 -2.8261076051194056 -0.2860571708828943 -1.6236664951309843
-2.8438702959737494 -2.6110082994093005 -2.1521824040770827 -2.5417457128919274 -2.602351289126331 -2.3824486111378125 -2.8366058043067666 -2.0364832927337098 -2.6636819046425937 -1.123180998980625 -2.762775892459392
-2.9624009958628656 -2.3393043993489417 -1.9108161035042626 -2.3501627116995953 -1.9386394917247878 -1.9590483095706557 -2.5765572039611313 -1.9178812929774072 -2.074888902914151 -2.262599596391425 -3.148914691553768
-2.5831025962176937 -1.8140100992322485 -1.6895637029791775 -2.0819465100303303 -1.7869339923187204 -1.8243299090720142 -2.3874309037097605 -1.7202112933835696 -1.8515536022585346 -2.9136960949118818 -3.11030079164433
-2.0378612967277583 -1.6509877991960333 -1.4280836023586225 -1.7945720082418326 -1.5214493933581026 -1.574138808145967 -2.221945403489811 -1.4434732939521964 -1.5470055013645128 -2.9602029948062 -2.975152191961299
-2.085273596683405 -1.487965399159818 -1.226945101881273 -1.7945720082418326 -1.1801118946944518 -1.2854567070774505 -1.9855376031755971 -1.2458032943583583 -1.303367000649295 -2.704415095387449 -2.6083203928216423
-1.8482120969051725 -1.2524886991075073 -0.9453511212129827 -1.4688809062148682 -1.0094430953626266 -1.0737565062938719 -1.7018482027985407 -0.9690652349269855 -1.10033490005328 -2.5648943957044943 -2.0677260940895157
-1.4689137972600002 -1.0170119990551962 -0.6637571805446928 -1.2389813047840696 -0.7060320465504922 -0.7080925549404178 -1.465440302484327 -0.6527931955768449 -0.7754835390996564 -2.285853096338584 -1.8939636944970473
-1.2318523974817674 -0.7996488790069094 -0.3620493698286679 -1.0857149038302039 -0.4405473375898748 -0.41941046387190145 -1.2526733022015348 -0.4353561760236233 -0.5318450283844388 -2.12307899670847 -1.6043595951762655
-1.1370277975704743 -0.4736041989344788 -0.14079696930358299 -0.7600237918032393 -0.23195221840653255 -0.1884648030170884 -0.8980615117302142 -0.21791914647040167 -0.30850973772882245 -1.8672911972897186 -1.2954484959007653
-0.6629047980140093 -0.22001388887814402 -0.06034156011264304 -0.6067573908493736 -0.023357103223190265 0.003989912995255801 -0.6380128813845791 -0.04001612383594761 -0.12578084719240917 -1.495236098135172 -1.1602998962177338
-0.37843103828013 -0.03887795383790491 0.10056927126923693 -0.26190798870317594 0.09042205233136005 0.15795368826513118 -0.37796425103894404 0.21695490263604159 -0.0039615983348003266 -1.2859551986107391 -0.7741611771233579
-0.33101874832448347 0.08791720019026249 0.3821632219375269 -0.051166678391610626 0.2990171795147023 0.331162938906241 -0.23611954085041584 0.454158932148647 0.23967690388041737 -1.123180998980625 -0.4652501378478574
-0.14136957850189738 0.2871667312345255 0.6034156124626118 0.025466525085322222 0.5455386785495614 0.6005995499035229 -0.023352483567623504 0.7111299616206361 0.4427089944764322 -0.8208863296675555 -0.23356687839123205
0.2853410510989214 0.5226434412868364 0.6838710226535517 0.4086325354699864 0.7351706078071452 0.7545633304733983 0.26033692980943296 0.7901979714581714 0.645741085072447 -0.5650984602488045 -0.09841829670820058
0.4512840809436842 0.6856657813230516 0.7039848827012868 0.561898936423852 0.773096987658662 0.8122997406871016 0.4731039900922252 0.7901979714581714 0.6863474951916498 -0.3325640507772126 0.07534415488426843
0.4986963708993308 0.7400065613351233 0.7442125927967567 0.8109568379738836 0.773096987658662 0.8315452107583361 0.6622302703435962 0.7901979714581714 0.6863474951916498 -0.21629685104141672 0.28772049038617503
0.4038717809880377 0.7762337513431711 0.7643264428444918 0.8684317483315834 0.7920601875844204 0.8507906808295704 0.7095118304064388 0.8297319813769389 0.7472571353704545 0.03949100437733432 0.5000968198880816
0.33275335105456794 0.8486881313592668 0.8045541529399617 0.8492734382123501 0.8489497573616955 0.8892816209720392 0.6385894803121749 0.8692659812957065 0.7472571353704545 0.36503917763756294 0.5773245697069568
0.4749902309215075 0.8668017213632907 0.8045541529399617 0.8301151480931169 0.8679129572874539 0.9277725711145082 0.6858710503750176 0.8297319813769389 0.7878635554896574 0.5278132772676771 0.5966315096616756
0.2853410510989214 0.9573696913834103 0.8447818530354316 0.8684317483315834 0.8868761472132123 0.9277725711145082 0.6622302703435962 0.8494989813363227 0.7675603454300558 0.5975735971091547 0.6352453895711131
0.42757794096586094 0.9754832813874342 0.9051234231786367 0.8875900484508166 0.924802537064729 0.9855089913282115 0.7331526204378603 0.9681010210926253 0.8081667655492588 0.6208270370563138 0.6545523295258319
0.4986963708993308 0.9935968313914582 0.9252372732263717 0.925906648689283 1.0006553967677623 1.0432454015419146 0.7095118304064388 0.9878679710520093 0.9096828058472662 0.5975735971091547 0.6545523295258319
0.6172271007884471 1.0841648014115777 0.9855788233695766 0.925906648689283 1.0385816966192793 1.1009818017556177 0.7095118304064388 1.0471690009301604 0.9299860159068677 0.6208270370563138 0.6738592694805506
0.5461086708549773 1.1385056014236494 1.0861481036082514 1.0025398091662157 1.076508096470796 1.1394727018980864 0.7804341905007031 1.106470000808312 0.9299860159068677 0.6208270370563138 0.731780089344707
0.4986963708993308 1.2109600014397452 1.1263758037037215 0.9833815890469828 1.1333976962480712 1.1779637020405556 0.8513565405949672 1.1460040007270793 1.0315020062048748 0.644080477003473 0.7703939692541445
0.5461086708549773 1.2834144014558408 1.1867174038469266 1.0216982092854492 1.1713239960995883 1.2549456023254932 0.8749973306263885 1.2053050006052308 1.0924116063836793 0.6905873568977914 0.809007849163582
0.6172271007884471 1.3377552014679124 1.2470589039901314 1.0983313097623815 1.209250395951105 1.2934366024679622 0.89863811065781 1.2843731004427656 1.112714906443281 0.7370942467921097 0.8862355989824572
0.6646394007440937 1.3739824014759603 1.2470589039901314 1.136647910000848 1.2471767958026219 1.2741911023967276 0.9222789006892312 1.363441000280301 1.1736245066220854 0.7836011266864281 0.9441564188466136
0.6646394007440937 1.4283231014880322 1.2470589039901314 1.136647910000848 1.2471767958026219 1.2934366024679622 1.0168420008149168 1.4029750001990686 1.1939277066816867 0.8533614465279057 1.00207719871077
0.7120516906997402 1.446436701492056 1.1867174038469266 1.2132811104777808 1.2282136958768628 1.2741911023967276 1.0168420008149168 1.4227421001584521 1.2345341068008897 0.899868326422224 1.00207719871077
0.8068762806110332 1.4826639015001037 1.1062620036559867 1.251597810716248 1.1713239960995883 1.2164547021830248 1.0404829008463383 1.363441000280301 1.2345341068008897 0.9463752163165424 1.0986118984843638
0.78317013063321 1.4102095014840081 0.9855788233695766 1.3090726110739468 1.0575448965450376 1.0817363016843833 1.0641236008777597 1.3239070003615334 1.1736245066220854 1.0161355961580198 1.1565326983485202
0.8542885605666798 1.3196415014638885 0.9051234231786367 1.3473892113124133 0.9437657169904875 0.9855089913282115 1.0404829008463383 1.2448391005239983 1.112714906443281 1.1091492959466567 1.1372257983938012
0.8068762806110332 1.2653008014518168 0.7039848827012868 1.3090726110739468 0.8679129572874539 0.8315452107583361 1.0168420008149168 1.165771000686463 1.0111988061452735 1.155656195840975 1.1179187984390826
0.9017008605223263 1.1385056014236494 0.5631879123671418 1.3473892113124133 0.7351706078071452 0.6968269002596951 0.9459196807206527 1.0274020009707765 0.8893795957876647 1.155656195840975 1.1372257983938012
0.8542885605666798 0.9935968313914582 0.4626186321284668 1.3282310111931808 0.5834650684010781 0.5813540698322884 0.8277157605635458 0.8890329812550902 0.7878635554896574 1.155656195840975 1.0793049985296448
0.7357578306775634 0.9211425013753625 0.36204936188979187 1.2132811104777808 0.4696859088465278 0.4851267194761164 0.7331526204378603 0.8099649714175552 0.6863474951916498 1.132402695893816 1.00207719871077
0.7120516906997402 0.830574531355243 0.2011385315079119 1.2324394105970142 0.33694355936621906 0.3504084089774754 0.5913079202493321 0.6715959617018686 0.5442250347744396 1.132402695893816 0.8669286690277384
0.6409332507662704 0.7400065613351233 0.10056927126923693 1.1749645102393145 0.24212759973742712 0.2541810486213033 0.4258224200293825 0.5332269419861821 0.40210257435722924 1.039388996105179 0.7703939692541445
0.5698148108328006 0.6313250013109799 5.244792143192076E-10 0.9642232489277495 0.1473116301086352 0.15795368826513118 0.3549000699351184 0.3948579222704956 0.28028332399962036 0.9463752163165424 0.6738592694805506
0.4512840809436842 0.5588706312948842 -0.040227707064908046 0.925906648689283 0.05249566747984328 0.08097180098019348 0.21305535974659018 0.33555691239234425 0.19907049376121444 0.8301080065807465 0.5387106997975192
0.4038717809880377 0.5045298412828124 -0.160910829351318 0.7917985478546506 0.014569282628326505 0.04248085783772465 0.09485143958948335 0.2762559125141929 0.13816086358241 0.7138407968449506 0.4035621201144877
0.35645949103239116 0.46830266127476466 -0.201138539446788 0.734323647496951 -0.08024668100046543 -0.015255558375978619 -0.04699326759904487 0.11811989283912266 0.0569480283440041 0.6208270370563138 0.3070274303408938
0.2142226211654516 0.4501890712707408 -0.22125238949452297 0.6576904370200181 -0.1181730688519822 -0.07299197458968189 -0.11791562069330898 0.19718790267665778 -0.0039615983348003266 0.504559827320518 0.2104927305672999
0.1431041812319818 0.39584829125866905 -0.241366239542258 0.5235823361853856 -0.04232029614894866 -0.05374650251844747 -0.16519719075615172 0.11811989283912266 -0.024264807894401805 0.38829261758472206 0.09465109283898723
0.16681032120980507 0.41396189126269295 -0.28159395963772793 0.5235823361853856 -0.06128348907470704 -0.05374650251844747 -0.2834011209132586 0.07858588992035509 -0.04456801595400329 0.2952788577960853 0.01742333802011209
0.1431041812319818 0.43207548126671685 -0.30170779968546296 0.46610743582768605 -0.09920987092622384 -0.07299197458968189 -0.3070419009446799 0.07858588992035509 -0.16638726731161216 0.1790116480602894 -0.05980441879876303